0 0.480173 0.362972 0.021375 0.038435
0 0.399528 0.548429 0.011841 0.028406
0 0.371750 0.554965 0.016465 0.026598
0 0.332324 0.524737 0.011842 0.030005
0 0.306338 0.538626 0.013490 0.023675
0 0.241822 0.478985 0.024793 0.028588
0 0.130263 0.389116 0.017275 0.028512
0 0.489582 0.564769 0.015890 0.028614
0 0.532593 0.565586 0.014307 0.025866
0 0.562610 0.619508 0.016348 0.025344
0 0.607861 0.621142 0.012687 0.024395
0 0.636535 0.627678 0.010955 0.035948
0 0.718076 0.605619 0.019315 0.027090
0 0.757951 0.607253 0.019332 0.023758
0 0.767808 0.653822 0.011839 0.026811
0 0.813506 0.648103 0.013553 0.029649
0 0.882503 0.623593 0.020901 0.032335