0 0.156850 0.549752 0.036283 0.060848
0 0.229431 0.609392 0.023074 0.043077
0 0.296187 0.618379 0.032375 0.052803
0 0.330685 0.432105 0.045528 0.072608
0 0.340542 0.556288 0.021538 0.040006
0 0.412227 0.605307 0.026470 0.055402
0 0.470470 0.342235 0.029226 0.046341
0 0.526922 0.203346 0.019986 0.038165
0 0.425667 0.764621 0.021687 0.047123
0 0.507657 0.644523 0.026444 0.045604
0 0.517961 0.328346 0.027255 0.047486
0 0.595918 0.340601 0.025007 0.057034
0 0.570829 0.758085 0.034208 0.064535
0 0.645202 0.753183 0.031473 0.067337
0 0.806940 0.637170 0.019258 0.066891
0 0.895202 0.639621 0.036303 0.048272