0 0.143857 0.521972 0.024085 0.037297
0 0.181940 0.488475 0.017781 0.030307
0 0.193589 0.427201 0.018635 0.019120
0 0.208374 0.403508 0.012595 0.023900
0 0.286331 0.612658 0.020411 0.031241
0 0.327549 0.548116 0.007713 0.018733
0 0.275130 0.365926 0.010663 0.016283
0 0.571277 0.561187 0.020209 0.035987
0 0.606671 0.570991 0.016633 0.032647
0 0.632209 0.527691 0.007709 0.017175
0 0.702997 0.541580 0.016993 0.028316
0 0.781402 0.515436 0.016074 0.025125
0 0.908642 0.528508 0.016337 0.027441
0 0.956133 0.534227 0.008592 0.027185
0 0.747352 0.518704 0.006836 0.017974