0 0.173875 0.798118 0.015162 0.037032
0 0.235703 0.801386 0.020093 0.046339
0 0.332926 0.693543 0.026077 0.042204
0 0.377280 0.778510 0.032833 0.044884
0 0.582926 0.807922 0.040789 0.064574
0 0.641617 0.575078 0.024899 0.046526
0 0.541259 0.633902 0.031952 0.055788
0 0.804700 0.661680 0.028368 0.070586
0 0.255417 0.410046 0.017775 0.030347
0 0.304700 0.414948 0.019066 0.031773
0 0.478535 0.493379 0.029904 0.049840
0 0.525130 0.620830 0.022939 0.040456
0 0.530954 0.441909 0.020706 0.036309
0 0.623248 0.230307 0.036864 0.050652