0 0.090182 0.560650 0.027282 0.044444
0 0.159627 0.911141 0.026302 0.073449
0 0.225039 0.877644 0.051741 0.041532
0 0.388121 0.742023 0.029898 0.061269
0 0.545828 0.748559 0.034513 0.051701
0 0.717423 0.825356 0.040184 0.080547
0 0.773874 0.550846 0.042138 0.062135
0 0.864824 0.844147 0.048413 0.065413
0 0.799860 0.859670 0.041524 0.056927
0 0.359000 0.215062 0.030384 0.047693
0 0.405147 0.245291 0.039693 0.056301
0 0.604071 0.362121 0.030643 0.046544
0 0.332118 0.350683 0.028951 0.048830
0 0.716078 0.395618 0.031395 0.054410