0 0.163123 0.474526 0.032559 0.054840
0 0.209718 0.467174 0.023271 0.044762
0 0.284090 0.491683 0.040676 0.061387
0 0.339646 0.589723 0.016602 0.062092
0 0.337854 0.639559 0.048433 0.070063
0 0.430596 0.461455 0.054216 0.065075
0 0.415363 0.588906 0.053127 0.069202
0 0.374144 0.052958 0.047441 0.069374
0 0.629969 0.355245 0.041495 0.057751
0 0.636241 0.235147 0.048877 0.064047
0 0.691797 0.128938 0.041144 0.062891
0 0.688212 0.387108 0.078716 0.085498
0 0.840542 0.570115 0.051451 0.060138
0 0.776474 0.497402 0.028903 0.051295
0 0.872352 0.530899 0.033147 0.054231