0 0.132734 0.874497 0.045179 0.098006
0 0.234885 0.873680 0.037848 0.079069
0 0.267143 0.867144 0.039887 0.085022
0 0.307913 0.853255 0.032940 0.086902
0 0.329867 0.834465 0.033259 0.070588
0 0.388558 0.848353 0.029383 0.070430
0 0.401103 0.821393 0.038875 0.082032
0 0.432465 0.823027 0.029505 0.061993
0 0.479956 0.856523 0.025080 0.066846
0 0.563738 0.845085 0.026054 0.062728
0 0.594204 0.842634 0.024188 0.058640
0 0.646623 0.829563 0.032583 0.080315
0 0.661856 0.805870 0.036882 0.071386
0 0.723684 0.803419 0.029302 0.069176
0 0.774759 0.812406 0.037880 0.079449
0 0.849580 0.809955 0.035531 0.079536
0 0.910512 0.823027 0.024887 0.053922
0 0.979508 0.839367 0.035162 0.060904
0 0.031480 0.613059 0.025519 0.057253