0 0.148581 0.368163 0.035030 0.053841
0 0.286081 0.693327 0.037096 0.052982
0 0.334468 0.742346 0.032655 0.043992
0 0.644952 0.454765 0.046462 0.035221
0 0.429226 0.262771 0.048376 0.053302
0 0.518339 0.224373 0.031801 0.076629
0 0.623177 0.230092 0.038128 0.040269
0 0.562290 0.289732 0.035145 0.064477
0 0.738903 0.221105 0.047357 0.064357
0 0.762694 0.185157 0.025599 0.063199
0 0.822371 0.232542 0.037309 0.038206
0 0.946565 0.590386 0.051272 0.069898
0 0.962290 0.657379 0.053410 0.060036
0 0.667129 0.658196 0.046859 0.086742
0 0.411887 0.541366 0.048428 0.062862